1.1e-13 0
2.5e-13 0
3.6e-13 0
5.3e-13 0
7.7e-13 0
1.13e-12 9.31e-06
1.66e-12 2.94634e-05
2.44e-12 4.7252e-05
3.57e-12 0.00014155
5.23e-12 0.000278333
7.66e-12 0.000755051
1.121e-11 0.00161296
1.643e-11 0.00347894
2.406e-11 0.00652712
3.525e-11 0.0108717
5.164e-11 0.0162929
7.564e-11 0.022417
1.1081e-10 0.0268526
1.6232e-10 0.0314537
2.3777e-10 0.0345661
3.483e-10 0.0375228
4.7279e-10 0.0402231
5.7832e-10 0.0430562
6.5381e-10 0.0466383
7.5812e-10 0.0489136
8.5505e-10 0.0511226
1.00089e-09 0.0545098
1.28517e-09 0.0572535
1.65019e-09 0.0597644
2.11888e-09 0.062367
2.7207e-09 0.0654689
3.49344e-09 0.0683575
4.48567e-09 0.0708776
5.75971e-09 0.0737666
7.39562e-09 0.0766233
9.49614e-09 0.0798872
1.21933e-08 0.0824412
1.56566e-08 0.0854739
2.01034e-08 0.0882533
2.58133e-08 0.0912175
3.31449e-08 0.0936755
4.25589e-08 0.0961967
5.46467e-08 0.0990837
7.01677e-08 0.102183
9.00972e-08 0.105215
1.15687e-07 0.108243
1.48545e-07 0.11074
1.90736e-07 0.113312
2.44909e-07 0.116577
3.14469e-07 0.119435
4.03787e-07 0.1222
5.18473e-07 0.125487
6.65732e-07 0.128522
8.54817e-07 0.132027
1.09761e-06 0.134727
1.299e-06 0.138548
1.43561e-06 0.143233
1.54597e-06 0.146694
1.62524e-06 0.150779
1.75346e-06 0.154154
1.93787e-06 0.157596
2.14167e-06 0.161131
2.36692e-06 0.16389
2.54888e-06 0.166083
2.67956e-06 0.168529
2.80502e-06 0.173055
2.94944e-06 0.175555
3.19501e-06 0.179555
3.53104e-06 0.182999
3.9024e-06 0.185882
4.20239e-06 0.188145
4.41785e-06 0.190856
4.76639e-06 0.193734
5.26768e-06 0.19687
5.89905e-06 0.199428
6.6845e-06 0.202741
7.57453e-06 0.205739
8.58308e-06 0.20843
9.72591e-06 0.211595
1.10209e-05 0.215065
1.24883e-05 0.218234
1.41511e-05 0.221359
1.60353e-05 0.223832
1.81704e-05 0.227393
2.03196e-05 0.231939
2.16048e-05 0.237714
2.27267e-05 0.243016
2.3877e-05 0.248474
2.44815e-05 0.257232
2.5423e-05 0.266387
2.70731e-05 0.2707
2.99578e-05 0.274725
3.30672e-05 0.277644
3.47409e-05 0.27997
3.56204e-05 0.282099
3.84667e-05 0.285326
4.35885e-05 0.289745
4.93922e-05 0.294296
5.45187e-05 0.297939
5.80122e-05 0.304776
6.09866e-05 0.313147
6.49452e-05 0.318311
7.18652e-05 0.325435
8.14339e-05 0.331006
9.22767e-05 0.33499
0.000104563 0.339384
0.000113938 0.347278
0.00011978 0.352876
0.00012592 0.364211
0.000132377 0.372979
0.000139164 0.377877
0.000146299 0.383423
0.0001538 0.38958
0.00015964 0.393546
0.000163681 0.405665
0.000167824 0.411331
0.000172073 0.416086
0.00017869 0.424329
0.000187851 0.428929
0.000197483 0.43468
0.000207608 0.440859
0.000218252 0.447433
0.000229443 0.453217
0.000241207 0.461239
0.000253573 0.468942
0.000266574 0.482546
0.000276695 0.488733
0.0002837 0.49383
0.000290882 0.501206
0.000298246 0.510532
0.000305796 0.522883
0.000313537 0.535924
0.000325595 0.543869
0.000342289 0.553503
0.000359838 0.562644
0.000378287 0.570527
0.000397682 0.577196
0.000418071 0.583297
0.000439506 0.590463
0.00046204 0.597329
0.00048573 0.60757
0.000504173 0.616441
0.000516936 0.623659
0.000530022 0.631798
0.000543439 0.640434
0.000564338 0.650026
0.000593272 0.66329
0.00062369 0.67233
0.000655667 0.680663
0.000689284 0.689131
0.000724624 0.696487
0.000761776 0.702187
0.000800834 0.707583
0.000841893 0.715216
0.000885058 0.724652
0.000930436 0.733951
0.000957666 0.742316
0.000969737 0.75013
0.000990212 0.757979
0.00102829 0.764745
0.00108101 0.77017
0.00113644 0.775856
0.00117958 0.782507
0.00120944 0.788272
0.00125596 0.795842
0.00132035 0.80226
0.00138805 0.807831
0.00145922 0.814531
0.00151462 0.819981
0.00155296 0.823587
0.00159227 0.828372
0.00163258 0.835036
0.00169536 0.839764
0.00178228 0.844182
0.00184995 0.845989
0.00189679 0.850229
0.00194481 0.853475
0.00199404 0.856407
0.00207072 0.860041
0.00217689 0.862733
0.00225009 0.865565
0.00228787 0.868519
0.00232628 0.872283
0.00235547 0.876922
0.00237522 0.881063
0.00240516 0.886746
0.00244555 0.892854
0.00252919 0.896625
0.00265886 0.899464
0.00279518 0.902272
0.0029385 0.904926
0.00305006 0.906642
0.00312728 0.909645
0.00320645 0.912451
0.00328762 0.915058
0.00341405 0.916728
0.00358909 0.918407
0.0037731 0.920283
0.00396655 0.922753
0.00416992 0.924741
0.00438372 0.926793
0.00455017 0.928243
0.00466536 0.929777
0.00478346 0.931317
0.00490455 0.932833
0.00509316 0.934529
0.00535429 0.935677
0.00562881 0.937013
0.00584253 0.937776
0.00599043 0.939084
0.00614208 0.940985
0.00629757 0.942327
0.00645699 0.943455
0.00656504 0.943788
0.00661999 0.946027
0.0066754 0.94764
0.00678804 0.948134
0.00695989 0.949506
0.00713608 0.950586
0.00731672 0.951563
0.00750195 0.952406
0.00769186 0.953088
0.00788658 0.953542
0.00808623 0.954407
0.00829094 0.955658
0.00850083 0.95636
0.00871602 0.958096
0.00893667 0.960003
0.0091629 0.960649
0.00939487 0.961104
0.0096327 0.962551
0.00987655 0.96342
0.0101266 0.96412
0.010383 0.964435
0.0106458 0.965116
0.0109152 0.966463
0.0111916 0.966939
0.0114749 0.967534
0.0117654 0.968586
0.0120632 0.969332
0.0123686 0.970201
0.0126817 0.9709
0.0130028 0.972416
0.013332 0.973658
0.0136694 0.974291
0.0140155 0.975276
0.0143703 0.976402
0.0147341 0.978576
0.0151071 0.978963
0.0154895 0.97957
0.0158816 0.980899
0.0162837 0.981839
0.0166959 0.982431
0.0171185 0.983373
0.0175519 0.98388
0.0179962 0.984311
0.0184518 0.985178
0.018919 0.985998
0.0193979 0.986289
0.0198202 0.986552
0.0225881 0.987586
0.0284343 0.988561
0.0357935 0.98948
0.0450574 0.990964
0.0567189 0.992555
0.0713986 0.994117
0.0898776 0.995937
0.113139 0.997038
0.142421 0.998189
0.179282 0.99903
0.225683 0.999411
0.284093 0.999633
0.357621 0.999817
0.450178 0.999911
0.566691 0.999928
0.713359 0.999944
0.897988 0.999969
1.1304 1
1.42296 1
1.79125 1
2.25485 1
2.83844 1
3.57307 1
4.49783 1
5.66194 1
7.12733 1
8.97199 1